70.06274938583374
0.013902902603149414
85.08679580688477
0.0028498172760009766
100.10153865814209
55.063504695892334
85.09435987472534
85.08296132087708
70.06494474411011
130.13402795791626
85.07608819007874
145.1389343738556
130.12202095985413
100.09923243522644
160.14660906791687
115.10715675354004
250.22062587738037
190.1669158935547
145.1379668712616
220.21382546424866
145.13318967819214
130.1240074634552
175.1571226119995
205.19165706634521
340.31267285346985
205.21939253807068
250.26653933525085
370.35424184799194
250.22652173042297
175.18245267868042
310.3076014518738
445.38630199432373
295.2782506942749
235.20764684677124
220.195317029953
445.3730809688568
325.28745579719543
430.4069550037384
355.3113920688629
310.265558719635
490.4111466407776
460.4195728302002
265.2687633037567
400.4055526256561
550.5476036071777
670.6181170940399
355.3614721298218
580.5667026042938
865.7962188720703
820.69060754776
