0.010039806365966797
0.0208585262298584
0.028028011322021484
0.03561043739318848
0.04346752166748047
0.0547184944152832
0.062276363372802734
0.07163572311401367
0.07854795455932617
0.08658766746520996
0.09518575668334961
0.10422611236572266
0.11059284210205078
0.11852383613586426
0.12679696083068848
0.13601994514465332
0.14321184158325195
0.15113139152526855
0.16103625297546387
0.1624443531036377
0.1732640266418457
0.18766307830810547
0.18715739250183105
0.19661593437194824
0.2051529884338379
0.21747279167175293
0.21947002410888672
0.23127961158752441
0.23825764656066895
0.2463362216949463
0.25060153007507324
0.2613224983215332
0.2702639102935791
0.2771437168121338
0.28845858573913574
0.2918126583099365
0.29792189598083496
0.3136460781097412
0.31681275367736816
0.32624149322509766
0.33598947525024414
0.3437819480895996
0.35158872604370117
0.35564732551574707
0.3680884838104248
0.37590456008911133
0.382976770401001
0.3895456790924072
0.39872002601623535
0.4076957702636719
0.4168720245361328
0.4229166507720947
0.4323763847351074
0.44392919540405273
0.4478890895843506
0.45627784729003906
0.4651317596435547
0.47223973274230957
0.4790184497833252
0.4874558448791504
0.5063636302947998
0.5098941326141357
0.5077271461486816
0.5197789669036865
0.5261414051055908
0.5364885330200195
0.5463347434997559
0.550328254699707
0.5581812858581543
0.5680811405181885
0.573920488357544
0.5819656848907471
0.5915346145629883
0.5991415977478027
0.6061434745788574
0.6125283241271973
0.6217927932739258
0.631300687789917
0.6400542259216309
0.6479020118713379
0.650834321975708
0.6671724319458008
0.6673521995544434
0.6780822277069092
0.6858406066894531
0.6959226131439209
0.6999714374542236
0.7119967937469482
0.7195100784301758
0.7265803813934326
0.7363467216491699
0.7434918880462646
0.7508392333984375
0.7597589492797852
0.7680752277374268
0.7766056060791016
0.7801787853240967
0.7912218570709229
0.7990949153900146
0.8054826259613037
