0.002924203872680664
0.002912282943725586
0.004854440689086914
0.01677846908569336
115.11494088172913
85.09158754348755
70.06393456459045
100.12333250045776
145.14355492591858
115.10396265983582
100.10717439651489
190.19156503677368
190.180645942688
145.15218353271484
130.13005471229553
220.21010375022888
160.1817638874054
160.1776523590088
235.26455569267273
130.1482183933258
130.12028455734253
205.18476366996765
295.27171444892883
280.2423017024994
250.213711977005
250.22038674354553
295.25984477996826
370.3243224620819
295.25092673301697
130.12763500213623
385.32151317596436
220.20169138908386
190.19677424430847
370.326678276062
205.1754505634308
280.2505238056183
385.36097168922424
295.3227880001068
415.3814537525177
475.4741177558899
550.5041806697845
610.5418016910553
595.5145959854126
385.325074672699
655.5667886734009
730.7211458683014
670.6326398849487
565.5002181529999
1030.8736186027527
775.7040135860443
